
----- 3DGS DEBUGGING PARAMETERS -----
Image dimensions: 700x700
Background color: [0 0 0]
Number of Gaussians: 3
Gaussian means shape: (3, 3)
SH coefficients shape: (3, 16, 3)
Gaussian scales shape: (3, 3)
Gaussian rotations shape: (3, 3, 3)
Gaussian opacities shape: (3, 1)
Scale modifier: 1
Tan fovx: 0.5578517393521941, Tan fovy: 0.5578517393521941
Focal length x: 627.4068454217564, Focal length y: 627.4068454217564
Camera position: [0 0 5]

Sample values for first Gaussian:
  Position: [ 2  0 -2]
  SH coeffs (first few): [[0.17709576 0.68304496 0.22439483]
 [0.68310767 0.85268291 0.79226561]
 [0.69442613 0.45569364 0.18268845]]
  Scale: [1. 1. 1.]
  Rotation: [[1. 0. 0.]
 [0. 1. 0.]
 [0. 0. 1.]]
  Opacity: [1.]

View matrix:
[[ 1.  0.  0.  0.]
 [ 0.  1.  0.  0.]
 [-0. -0. -1.  5.]
 [ 0.  0.  0.  1.]]

Projection matrix:
[[ 1.79259099  0.          0.          0.        ]
 [ 0.          1.79259099  0.          0.        ]
 [ 0.          0.         -1.00010001  4.99049905]
 [ 0.          0.         -1.          5.        ]]
----- END 3DGS DEBUGGING PARAMETERS -----












2025-04-13 14:36:14.346 | INFO     | __main__:forward:55 - Starting preprocess per 3d gaussian...
p_orig: [ 2  0 -2]
p_view: [2. 0. 7.]
depths: [7.0]
p_hom: [3.58518197 0.         6.99069907 7.        ]
p_w: 0.14285714081632656
p_proj: [0.5121688460888176, 0.0, 0.9986712814342663]
p_orig: [ 0  2 -2]
p_view: [0. 2. 7.]
depths: [7.0, 7.0]
p_hom: [0.         3.58518197 6.99069907 7.        ]
p_w: 0.14285714081632656
p_proj: [0.0, 0.5121688460888176, 0.9986712814342663]
p_orig: [-2  0 -2]
p_view: [-2.  0.  7.]
depths: [7.0, 7.0, 7.0]
p_hom: [-3.58518197  0.          6.99069907  7.        ]
p_w: 0.14285714081632656
p_proj: [-0.5121688460888176, 0.0, 0.9986712814342663]


[[1. 0. 0.]
 [0. 1. 0.]
 [0. 0. 1.]]
[[1. 0. 0.]
 [0. 1. 0.]
 [0. 0. 1.]]
[[1. 0. 0.]
 [0. 1. 0.]
 [0. 0. 1.]]
[[1. 0. 0.]
 [0. 1. 0.]
 [0. 0. 1.]]
cov3D: [[1. 0. 0.]
 [0. 1. 0.]
 [0. 0. 1.]]
cov: [8689.548451957611, 0.0, 8033.756115960811]


cov: [8689.548451957611, 0.0, 8033.756115960811]
point_image: [528.7590961310862, 349.5]
my_radius: 198
sh: [[0.37573276 0.16820636 0.87364404]
 [0.08056679 0.52845829 0.77196586]
 [0.04240856 0.89852964 0.61651944]
 [0.89420359 0.18715287 0.22054663]
 [0.35453953 0.68380294 0.93075213]
 [0.1317944  0.68709757 0.72044609]
 [0.72299087 0.84321546 0.44944352]
 [0.53311785 0.99974171 0.16593247]
 [0.46282327 0.47347943 0.78695921]
 [0.86487805 0.03875984 0.2092142 ]
 [0.71032165 0.99411195 0.28118114]
 [0.0723756  0.97796779 0.3506343 ]
 [0.02061815 0.97554926 0.19100177]
 [0.7535974  0.62827605 0.46499959]
 [0.86049064 0.38150649 0.46808259]
 [0.03142165 0.89345759 0.26549074]]
result: [0.5979798  0.         0.38388478]



cov: [8689.548451957611, 0.0, 8033.756115960811]
point_image: [528.7590961310862, 349.5]
my_radius: 198
sh: [[0.71734341 0.91905449 0.49961076]
 [0.08068483 0.82132256 0.01301602]
 [0.8335743  0.31798138 0.19709007]
 [0.82589597 0.28206231 0.790489  ]
 [0.24008527 0.21312673 0.53132892]
 [0.19493135 0.37989934 0.61886235]
 [0.98106522 0.28960672 0.57313965]
 [0.92623716 0.46034381 0.5485369 ]
 [0.81660616 0.7801104  0.27813915]
 [0.96114063 0.69872817 0.68313804]
 [0.95464185 0.21984855 0.92912192]
 [0.23503135 0.29786121 0.24999751]
 [0.29844887 0.6327788  0.05423596]
 [0.08934335 0.11851827 0.04186001]
 [0.59331831 0.919777   0.71364335]
 [0.83377388 0.40242542 0.8792624 ]]
result: [0.76280836 0.37530024 0.7963862 ]

cov: [8689.548451957611, 0.0, 8033.756115960811]
cov:  [8689.548451957611, 0.0, 8033.756115960811]
point_image: [528.7590961310862, 349.5]


lambda1:  4345.090453744822
lambda2:  4344.457998212789